1.001002372293704100e-07 3.944146298407048001e-01 6.055852700590580451e-01
2.906541980814742465e-01 7.372113867100235640e-02 6.356246632475234248e-01
1.859396119930392666e-01 3.495775760276927935e-01 4.644828119792679400e-01
4.772799813090951582e-01 2.060123744925251854e-01 3.167076441983797119e-01
1.968744210339893330e-01 7.676710658211720606e-01 3.545451314483864802e-02
4.390180672190354683e-01 5.307038921155446953e-01 3.027804066541990580e-02
4.330933185371942939e-01 1.000908022391088140e-07 5.669065813720034486e-01
1.118936828307744852e-01 7.329006636028678745e-01 1.552056535663577375e-01
2.900901108413249732e-02 7.793383857446000151e-01 1.916526031712674771e-01
3.354365609038634233e-01 4.780172693822228314e-01 1.865461697139138009e-01
9.999997998397656129e-01 1.000801172419433091e-07 1.000801172419433091e-07
1.134141516983740577e-01 7.553203749614464391e-01 1.312654733401795171e-01
3.351963504898854418e-01 2.011590527087538105e-01 4.636445968013607755e-01
1.374310945578868098e-02 5.001780251009676492e-01 4.860788654432436351e-01
2.261813943339085198e-01 4.271609377982965028e-01 3.466576678677949497e-01
1.347764396534635867e-01 6.919814494192170207e-01 1.732421109273194204e-01
5.226868403234701255e-01 4.773130595649326957e-01 1.001115973016575466e-07
1.000899616603963005e-07 2.782974520789922024e-01 7.217024478310460900e-01
1.001214277234155039e-07 8.642677858190778162e-01 1.357321140594944520e-01
3.959744671661687837e-02 8.532929713517919401e-01 1.071095819315911468e-01
4.007753969314977599e-02 8.362384770452003790e-01 1.236839832616499074e-01
1.001110683093953647e-07 6.528887286209898999e-01 3.471111712679418870e-01
5.458293847685016242e-01 4.320582731525387521e-01 2.211234207895972775e-02
3.257013617888465662e-01 4.964866445159526465e-01 1.778119936952008706e-01
1.558640530105821070e-02 7.951266671780926609e-01 1.892869275208492186e-01
1.000969472272735834e-07 3.977474349093751416e-01 6.022524649936776830e-01
4.136930940364569875e-01 5.154381518407468166e-01 7.086875412279618203e-02
9.079986116206564262e-01 5.113329364164435203e-02 4.086809473769924955e-02
2.839986021940617555e-01 6.878032185703102375e-01 2.819817923562802434e-02
1.001012255943694113e-07 4.837426568856171838e-01 5.162572430131571188e-01
3.427555426017488971e-01 4.383601026605508100e-01 2.188843547377003207e-01
3.163418599671139475e-01 5.552034256509896792e-01 1.284547143818964843e-01
1.392062285503138097e-01 7.835540670888573311e-01 7.723970436082881752e-02
1.001206663564119359e-07 8.488237488910909123e-01 1.511761509882427190e-01
9.999997998438457936e-01 1.000780771644872927e-07 1.000780771644872927e-07
1.771398440572672164e-02 7.772024084876066885e-01 2.050836071066666488e-01
1.001161320265248205e-07 7.278905071770361834e-01 2.721093927068318208e-01
5.951175288692791554e-01 3.301441930652718182e-01 7.473827806544906804e-02
1.001201405960629389e-07 9.999997997597188659e-01 1.001201405960629389e-07
7.956484057101838037e-01 1.401546024590792291e-02 1.903361340439083116e-01
1.980119245341118717e-01 5.125768151876837209e-01 2.894112602782043520e-01
6.623419768082591252e-01 3.376579230859314551e-01 1.001058094572478057e-07
4.478319761352214656e-02 9.552167022608683000e-01 1.001256095971181166e-07
1.334921052865692959e-01 8.665077945955695915e-01 1.001178612253014422e-07
4.503937631118702933e-01 5.496061367751120530e-01 1.001130176895713488e-07
9.025281162961543702e-01 9.747178361002044322e-02 1.000938251782985792e-07
2.165666647160081892e-01 7.411365804810202684e-01 4.229675480297161866e-02
5.585731080037896756e-01 1.636201110448128396e-02 4.250648808917290578e-01
1.536825105133482194e-01 6.000831000628276124e-01 2.462343894238241404e-01
2.615206356040365443e-01 5.920783675725374007e-01 1.464009968234259718e-01
3.664254991470987655e-01 4.528286401721493548e-01 1.807458606807518520e-01
2.553647989766056337e-01 6.385572575287197239e-01 1.060779434946747118e-01
4.774538253526397491e-01 4.310963523901893968e-01 9.144982225717089575e-02
1.001120562919526905e-07 6.665765999880044479e-01 3.334232998999394071e-01
7.609991191602288874e-01 2.390007807353050628e-01 1.001044660449963793e-07
4.960287667160878655e-01 3.465916400679360798e-01 1.573795932159760547e-01
6.945796339194949542e-01 3.005224387048754942e-01 4.897927375629411093e-03
9.386934707396005217e-02 8.716500082461006160e-01 3.448064467993930404e-02
6.705875342619144197e-01 3.204382451403426368e-01 8.974220597743007635e-03
3.869398320338219427e-02 9.224208736602471648e-01 3.888514313637059933e-02
5.267006073192203042e-01 3.212265800159636586e-01 1.520728126648158707e-01
2.366707464660419702e-01 4.790256404775807830e-01 2.843036130563773023e-01
2.140533852744867099e-02 9.785945613462184722e-01 1.001263328706778382e-07
3.179934674666754640e-02 2.099784707912631665e-01 7.582221824620694051e-01
1.001142192533136792e-07 7.174857937236608363e-01 2.825141061621199157e-01
4.931721913206284502e-01 3.302227039744174975e-01 1.766051047049540523e-01
2.430659925951408895e-01 4.068773835207185052e-01 3.500566238841406053e-01
4.661349977913718523e-01 5.209309876621537327e-01 1.293401454647447393e-02
8.444889208446579310e-02 9.155510077944687408e-01 1.001210654687803108e-07
1.001248362787026443e-07 9.999997997503276004e-01 1.001248362787026443e-07
9.199823893547595666e-02 4.777748324301132610e-01 4.302269286344106991e-01
2.536638884591850274e-01 7.359219519301122281e-01 1.041415961070283301e-02
1.349967764163929884e-01 7.799567959226267888e-01 8.504642766098026441e-02
1.001222966004257532e-07 9.999997997554068707e-01 1.001222966004257532e-07
3.668347908071694086e-01 5.658491172878286068e-01 6.731609190500205397e-02
1.365951250508380677e-01 1.785882828489080143e-01 6.848165921002539180e-01
1.731500162926480346e-01 8.138468395340803241e-01 1.300314417327159272e-02
2.636130753095314860e-01 3.824338175559846009e-01 3.539531071344838575e-01
1.458287308908700619e-01 8.119188113377214799e-01 4.225245777140838876e-02
2.221472692749911493e-01 4.382331084117501163e-01 3.396196223132587622e-01
1.001101462027118336e-07 9.999997997797076543e-01 1.001101462027118336e-07
1.000618630939126395e-07 1.000618630939126395e-07 9.999997998762738538e-01
7.777425831751778873e-02 9.222256415598196755e-01 1.001226626333757890e-07
1.274157021706712467e-01 6.187668397765858641e-01 2.538174580527429725e-01
2.677772225177638132e-01 7.322226773648831122e-01 1.001173530721634409e-07
1.000906689256520898e-07 3.088668248716178732e-01 6.911330750377132626e-01
1.000682505347029550e-07 1.000682505347029550e-07 9.999997998634989615e-01
4.188679120340533801e-01 5.104504530899950376e-01 7.068163487595163774e-02
8.815714665084958823e-02 8.429177349623389048e-01 6.892511838681147918e-02
3.166199046332507372e-01 5.393214116246527468e-01 1.440586837420964328e-01
4.275724423712296551e-01 5.724274575153074363e-01 1.001134629974256980e-07
3.927765749940207995e-01 6.072233248902479952e-01 1.001157312101775392e-07
6.856426965129651385e-02 7.921556071194254534e-01 1.392801232292781022e-01
1.537784720536930494e-01 8.462214278274988732e-01 1.001188081380083252e-07
4.812225718301767485e-01 4.530878693945099012e-01 6.568955877531328091e-02
9.437005767488189367e-02 6.569323244903657599e-01 2.486976178347523048e-01
1.820744132812091298e-01 4.941167920411327352e-01 3.238087946776581072e-01
2.870739215109414100e-01 6.063443019518531818e-01 1.065817765372053805e-01
3.598144970885008287e-01 5.320868538101383161e-01 1.080986491013607304e-01
7.266709301427105583e-01 2.733289697523961226e-01 1.001048933596397382e-07
8.615636191305039437e-01 1.384362807679078156e-01 1.001015882839562742e-07
1.093973259958637978e-01 8.047927925712559105e-01 8.580988143288027781e-02
1.001048874375551406e-07 5.187753449314601584e-01 4.812245549636525177e-01
7.248298012208677366e-02 7.446757405086831261e-01 1.828412793692300864e-01
2.843360749550776778e-01 5.927548798257480378e-01 1.229090452191742011e-01
4.069324701152802759e-01 5.552330933370035471e-01 3.783443654771623255e-02
1.175746795973989928e-01 4.022539744430324027e-01 4.801713459595686739e-01
6.045886059293128362e-02 9.395410392829998125e-01 1.001240689883764606e-07
2.548785386714160772e-01 7.451213612105966888e-01 1.001179873181042716e-07
9.999997998309720915e-01 1.000845140124849842e-07 1.000845140124849842e-07
4.918763348646559147e-02 1.000676607669745998e-07 9.508122664458735773e-01
2.834876657232779928e-01 7.165122341603863410e-01 1.001163357214538994e-07
1.146670411477207357e-01 8.853328587300705044e-01 1.001222087537032456e-07
1.001204579667507337e-07 9.999997997590841514e-01 1.001204579667507337e-07
6.555557729053931304e-01 1.883749083958451143e-01 1.560693186987618386e-01
2.966672155977235215e-01 6.109718798586082356e-01 9.236090454366824298e-02
1.745946711478449931e-01 2.910547831170504640e-01 5.343505457351045429e-01
5.706769736418839528e-03 6.020465421573767406e-01 3.922466881062042776e-01
2.032975223665866304e-01 7.288113290057633975e-01 6.789114862764993041e-02
3.677511277461920081e-01 8.063187400864144094e-02 5.516169982451665232e-01
1.001234088154648237e-07 9.236551652044545646e-01 7.634473467213667708e-02
4.484203305017864238e-01 4.702267258064524169e-01 8.135294369176118701e-02
6.333372381731955381e-02 8.985082473951863102e-01 3.815802878749409432e-02
8.029799433331118452e-01 8.339712600746386484e-02 1.136229306594242205e-01
1.000890623568246103e-07 2.497351182095220168e-01 7.502647817014156395e-01
1.220780306978512010e-02 6.370643028482483317e-01 3.507278940819665292e-01
2.140702781613719463e-01 5.904591081099119787e-01 1.954706137287160750e-01
5.348212891552985015e-02 6.095302352688312109e-01 3.369876358156390084e-01
2.826545832424630644e-01 2.513502196755946216e-01 4.659951970819423139e-01
1.091973062439658831e-01 8.573111062575604624e-01 3.349158749847360589e-02
6.830724539784491789e-01 3.169274459149313272e-01 1.001066195958833294e-07
1.001005312851156280e-07 3.981150149507554081e-01 6.018848849487132835e-01
3.533449402929705885e-02 7.582324258876796952e-01 2.064330800830231627e-01
4.948334872437558096e-01 4.834171799591869823e-01 2.174933279705726710e-02
1.669073293908149014e-01 8.330925704888814121e-01 1.001203036965602439e-07
4.890131646496201356e-01 5.109867352433787868e-01 1.001070010629199777e-07
4.030583052806289146e-01 5.969415946047305077e-01 1.001146405647578920e-07
1.692732534889304641e-01 6.310511603769921631e-04 8.300956953506924973e-01
4.250218779923737311e-01 5.512425101330102883e-01 2.373561187461598748e-02
2.509077250689942945e-02 9.351360428612773834e-01 3.977318463182315245e-02
8.180776309028163773e-01 1.000922777714146561e-07 1.819222690049060176e-01
5.927505147062499535e-01 3.347240733348039732e-01 7.252541195894611492e-02
9.459855683886497779e-01 1.000932970613121362e-07 5.401433151805327959e-02
2.672780528278598244e-01 7.327218470545390216e-01 1.001176012402462366e-07
1.000962189840503287e-07 3.354161497358592592e-01 6.645837501679218162e-01
1.000811616967904614e-07 1.671146859904310833e-01 8.328852139284071976e-01
3.223617347488722668e-02 7.417302275287510627e-01 2.260335989963616066e-01
2.504522466220337473e-01 4.871362474351325078e-01 2.624115059428338004e-01
1.942266216132901013e-01 6.870073013611129875e-01 1.187660770255969528e-01
3.516377972850748823e-01 6.057871020835255971e-01 4.257510063139951367e-02
4.176828187952724702e-01 3.652568376633761327e-01 2.170603435413513971e-01
4.274969780704215294e-01 5.313134239471806186e-01 4.118959798239786585e-02
1.567433216433331555e-01 7.598452657528932397e-01 8.341141260377361866e-02
4.129277350610806585e-01 5.012812925412710729e-01 8.579097239764837957e-02
1.000858515051015117e-07 1.878702919959732709e-01 8.121296079181752336e-01
6.836071261509436559e-01 3.163927737419572894e-01 1.001070990882006006e-07
1.001138502856410868e-07 7.212297325567661455e-01 2.787701673293836446e-01
3.903873586382387503e-03 5.389324715291433643e-01 4.571636548844741910e-01
3.803008799977194293e-02 6.156421610476667805e-01 3.463277509525612419e-01
3.776577968630401849e-01 5.043271808560231273e-01 1.180150222809366461e-01
2.032068465355467424e-02 6.292842996833488689e-01 3.503950156630964430e-01
9.999997998813677791e-01 1.000593161754440196e-07 1.000593161754440196e-07
4.442661409500959224e-01 1.756346837757579993e-01 3.800991752741460505e-01
4.014042429279726654e-01 5.177188623666703071e-01 8.087689470535699976e-02
7.243036480403413080e-01 2.756962518564654574e-01 1.001031933876216576e-07
2.923051625034408033e-02 8.325193480804080615e-01 1.382501356692478200e-01
2.559236257853436114e-01 6.313968038559285567e-01 1.126795703587279013e-01
4.279936690304663727e-01 5.069485037994121424e-01 6.505782717012149885e-02
6.509166243364717941e-01 3.222228919369869993e-01 2.686048372654116848e-02
3.824703483081128286e-01 6.175295515790338863e-01 1.001128533973738479e-07
1.001230421895330943e-07 8.910014185069141668e-01 1.089984813700436428e-01
2.357395352871321029e-02 9.603681097253505827e-01 1.605793674593619311e-02
2.479528103487235180e-01 7.520470895346818008e-01 1.001165948269403914e-07
1.000832558684825831e-07 1.347307081090471370e-01 8.652691918076970135e-01
3.058862322816746637e-01 1.000866845266225187e-07 6.941136676316408405e-01
8.474996303920373508e-01 1.000710852356082631e-07 1.525002695368773975e-01
2.703975739664844502e-01 1.000862124815177844e-07 7.296023259473030098e-01
1.001259788391549376e-07 9.999997997480424283e-01 1.001259788391549376e-07
4.644812767689983080e-01 1.891661093107363245e-01 3.463526139202652843e-01
1.718474374295465568e-01 1.728861784329143725e-01 6.552663841375390152e-01
8.098644490928212925e-01 1.901354508051867065e-01 1.001019920457481463e-07
6.583971230015124229e-03 9.934159286429461444e-01 1.001270388497854596e-07
1.000538232485542450e-07 1.000538232485542450e-07 9.999997998923535469e-01
2.598139886096023123e-03 8.998823259658706997e-01 9.751953414803328501e-02
5.679623198276541329e-02 4.849689839246300038e-01 4.582347840926045968e-01
4.131920167382622799e-01 5.317849388860647064e-01 5.502304437567292345e-02
2.585979849144681153e-01 6.922260983231999232e-01 4.917591676233193376e-02
1.000821419689997800e-07 6.198507989808132307e-02 9.380148200197766517e-01
1.001214277234155039e-07 8.642677858190778162e-01 1.357321140594944520e-01
1.001143907837639446e-07 8.300393069342568708e-01 1.699605929513523794e-01
1.001214146808964807e-07 8.641412488861541785e-01 1.358586509924312180e-01
1.280714715372749390e-02 9.871927527206532105e-01 1.001256192648765203e-07
3.730164588054384889e-01 6.269834410806356395e-01 1.001139258643497930e-07
1.001162258782371681e-07 9.999997997675483807e-01 1.001162258782371681e-07
1.001205359392347014e-07 9.267557637853618413e-01 7.324413609410229675e-02
2.388685693742056693e-01 7.611313305070870339e-01 1.001187072913106255e-07
1.779659519786535304e-01 2.529055130708672272e-01 5.691285349504793256e-01
1.001054283687594327e-07 4.884108842573509635e-01 5.115890156372205899e-01
3.616038983530260320e-01 6.210527377315345765e-01 1.734336391543940190e-02
2.036910250728494742e-01 5.940643760284544106e-01 2.022445988986960874e-01
9.357798918587784121e-02 8.723745402897651324e-01 3.404747052435707494e-02
1.001008437840086175e-07 4.891935332288168126e-01 5.108063666703394068e-01
5.277091761198210440e-01 4.193021223836476685e-01 5.298870149653123890e-02
1.769706458403965121e-01 6.348378722329161006e-01 1.881914819266874150e-01
1.000942880441958452e-07 3.271605342322033150e-01 6.728393656735086603e-01
2.126188685711524196e-01 7.873810313097182600e-01 1.001191293611079491e-07
1.225228367737906388e-01 7.391263414331090686e-01 1.383508217931003204e-01
1.572994112052059773e-03 9.984269057621825150e-01 1.001257655347527451e-07
3.673173516976390163e-01 1.294050127216271884e-01 5.032776355807337954e-01
1.001169450939654095e-07 8.212315357734601973e-01 1.787683641095948461e-01
4.740458280102556876e-01 5.259540718768370704e-01 1.001129072827283859e-07
5.134136778537665841e-02 7.059033614291724268e-01 2.427552707854509495e-01
1.137800086843115677e-01 8.624928587396250013e-01 2.372713257606339637e-02
2.126742492093025225e-02 2.463417307321159044e-01 7.323908443469538954e-01
5.254169065765535995e-01 3.235066850324321286e-01 1.510764083910142441e-01
2.674631132630049535e-02 5.143032352492971082e-01 4.589504534244024381e-01
1.000967289849237888e-07 3.635239844502642370e-01 6.364759154530067464e-01
4.159994044411911007e-01 3.199083668233519973e-01 2.640922287354568465e-01
6.036307882172895628e-02 9.396368210545742450e-01 1.001236968877454133e-07
3.305397405708446756e-01 5.742278378578473674e-01 9.523242157130797081e-02
4.026443705878487989e-01 1.062992823983656826e-01 4.910563470137854769e-01
2.593382907987984987e-01 4.947953238474395721e-01 2.458663853537618738e-01
6.032409004960140320e-02 9.396758098272895987e-01 1.001231090977280684e-07
2.518334362272382498e-01 5.524808772730717132e-01 1.956856864996900924e-01
8.429680126543434016e-01 1.040599944328193527e-01 5.297199291283721800e-02
1.615720534035748612e-01 4.869481441836462365e-01 3.514798024127788745e-01
4.643159094677567489e-01 3.498468935623845755e-01 1.858371969698585924e-01
4.116660467686212854e-01 5.883338531182807918e-01 1.001130980812644627e-07
4.500305406787413198e-01 4.382226476559661910e-01 1.117468116652924892e-01
8.083588203281258378e-02 4.036514864828041338e-01 5.155126314843831992e-01
1.001254332692340286e-07 9.903804555034777524e-01 9.619444371088995901e-03
3.658882534580232271e-01 5.671826525335226243e-01 6.692909400845420409e-02
1.000723599563202777e-07 1.000723599563202777e-07 9.999997998552800915e-01
2.675438301547081524e-02 3.546385171412648196e-01 6.186070998432643409e-01
9.201969470484804292e-01 7.980295285275761097e-02 1.000987619976383915e-07
1.001219095735986836e-07 8.708746084517087205e-01 1.291252914263818496e-01
2.390922971114991247e-01 1.000731927061279780e-07 7.609076028153081150e-01
4.814595884458953701e-01 3.643788891354585724e-01 1.541615224186461408e-01
4.144840013052822347e-02 8.514919471180912858e-01 1.070596527513805324e-01
4.119708529894594573e-01 1.899214889887266555e-01 3.981076580218138594e-01
3.986029033024782731e-01 6.013969965881733604e-01 1.001093485072292345e-07
5.233269254623744704e-01 4.623990536904671877e-01 1.427402084715827420e-02
7.317467837695901256e-01 2.418633601825125046e-01 2.638985604789744269e-02
1.428396682530831685e-01 7.976737063612867606e-01 5.948662538563005003e-02
1.013418058835517839e-02 8.946121511603283283e-01 9.525366825131656445e-02
1.719082435330284708e-01 7.827033634479747537e-01 4.538839301899675466e-02
3.062806706097209175e-01 5.067916841694249941e-01 1.869276452208541162e-01
9.348027486955871879e-02 8.245238844096074438e-01 8.199584072083389297e-02
2.816737051921405777e-01 7.183261946886435600e-01 1.001192158965582726e-07
7.099365344575480075e-01 2.900633654389367377e-01 1.001035152382124606e-07
1.213175885509273494e-01 3.725127766604373059e-01 5.061696347886353031e-01
3.085857525642554666e-01 5.033361425751461393e-01 1.880781048605984218e-01
9.133056580172738137e-02 4.937797783679526709e-01 4.148896558303198923e-01
3.313124370032635713e-01 6.353985048192831719e-01 3.328905817745325679e-02
2.366328435471992397e-01 1.594611774373754232e-01 6.039059790154254204e-01
1.001015576511314184e-07 4.903954193134796302e-01 5.096044805849626602e-01
4.711980209200793412e-01 4.563375048679899071e-01 7.246447421193076555e-02
1.048003195940116344e-01 7.565441852920589128e-01 1.386554951139295222e-01
4.400038088839877126e-01 4.543327399336030692e-01 1.056634511824091904e-01
5.164452388253158999e-01 3.774311914632209053e-01 1.061235697114632087e-01
4.231403895832986928e-01 4.852077972094560043e-01 9.165181320724540004e-02
1.849519036554624352e-01 6.730580635245101417e-01 1.419900328200273676e-01
3.973207025222190714e-01 2.293596829976163598e-01 3.733196144801645966e-01
1.515769679404787851e-01 7.725470093133854910e-01 7.587602274613575171e-02
5.276258869474068636e-01 4.044789992777922394e-01 6.789511377480095256e-02
3.285754906079664528e-02 4.429990216608912790e-01 5.241434292783121451e-01
2.410738215837420623e-02 8.012968868055094784e-01 1.745957310361162251e-01
6.200450493891963566e-01 3.365441518841806867e-01 4.341079872662283179e-02
9.636419845183914756e-02 5.453176889962187968e-01 3.583181125519421251e-01
2.801352218117342252e-01 5.569377834884122747e-01 1.629269946998535556e-01
1.001060455452851105e-07 5.433096569297766187e-01 4.566902429641778727e-01
1.001232735570716395e-07 9.999997997534529892e-01 1.001232735570716395e-07
2.879290260690955394e-01 7.120708738153072037e-01 1.001155973164745794e-07
2.301080419547857359e-02 5.295233862750691189e-01 4.474658095294523075e-01
1.001185642843103456e-07 8.437064424632960691e-01 1.562934574181397696e-01
1.008951252917744679e-01 5.638740703417270961e-01 3.352308043664983250e-01
5.351483063963987652e-01 3.964209289186442775e-01 6.843076468495705444e-02
2.628105930800878620e-01 6.766531708641854159e-01 6.053623605572674288e-02
1.001046117524799171e-07 5.319049047216335424e-01 4.680949951737547465e-01
5.256067324909340366e-01 4.427120576457053702e-01 3.168120986336055850e-02
9.999997998241839658e-01 1.000879080877885855e-07 1.000879080877885855e-07
1.439625536842827624e-01 6.176707386491556706e-01 2.383667076665614837e-01
9.023594612978971807e-02 3.419487830302574971e-01 5.678152708399528681e-01
4.059254560913795329e-01 5.482368708451562656e-01 4.583767306346429871e-02
1.898792510548968082e-01 5.570459264536911093e-01 2.530748224914119993e-01
6.471016213802515127e-01 1.000782406361406841e-07 3.528982785415078482e-01
5.799210344495756703e-02 7.970001655866435497e-01 1.450077309683987792e-01
4.462253806225064401e-01 5.537745192637782976e-01 1.001137153445713659e-07
2.512192481278104766e-02 9.748779750624591012e-01 1.001247598568297477e-07
3.458704538031122100e-01 5.362489225382307545e-01 1.178806236586569522e-01
1.001147593302643196e-07 7.131106223212746453e-01 2.868892775639660386e-01
2.446961503939990568e-01 7.553037494870991075e-01 1.001189018879050229e-07
1.001134193993770826e-07 9.999997997731613353e-01 1.001134193993770826e-07
1.000198845653865722e-07 1.000198845653865722e-07 9.999997999602309173e-01
1.001188008296694076e-07 8.996731730686853279e-01 1.003267268125139500e-01
1.000845650988313505e-07 6.675586404039585142e-02 9.332440358750391241e-01
3.370834974588933775e-01 5.320893806764372957e-01 1.308271218646693546e-01
4.847805609660318371e-01 3.058867008374510643e-01 2.093327381965169875e-01
1.405778748686968282e-01 8.594220250083863810e-01 1.001229168303290231e-07
1.001237796414305979e-07 9.058219351225642590e-01 9.417796475365618203e-02
1.001180854049593855e-07 9.999997997638292446e-01 1.001180854049593855e-07
1.243112657305747298e-01 1.000746057427884280e-07 8.756886341948195707e-01
2.826789221302725141e-01 9.512225730304704752e-02 6.221988205666804106e-01
1.001166854849643113e-07 9.999997997666291161e-01 1.001166854849643113e-07
1.072946837599579456e-01 8.927052161199654501e-01 1.001200766956730534e-07
1.000881769196897849e-07 1.713572501091691069e-01 8.286426498026540077e-01
4.018015562384711498e-02 8.660393188824530020e-01 9.378052549369993163e-02
1.904512267687222607e-02 2.918238412700204232e-01 6.891310360531073265e-01
5.169965071366818821e-01 3.091987255757955855e-01 1.738047672875224769e-01
3.468394118210541693e-02 6.402575790978842774e-01 3.250584797200103404e-01
3.675374719164473114e-01 4.736865853587856612e-01 1.587759427247671107e-01
8.153287029253783805e-03 5.558871504631064386e-01 4.359595625076397862e-01
3.706332280941314616e-01 3.124416068702929317e-01 3.169251650355756067e-01
1.294086555537867778e-01 5.756121220724196297e-01 2.949792223737937036e-01
6.485941073878650487e-01 1.902295627240189191e-01 1.611763298881159490e-01
1.001211057638695558e-07 8.941229148567682028e-01 1.058769850221260439e-01
1.873546366119468176e-01 2.299646586771072754e-01 5.826807047109460180e-01
3.002647777511986416e-01 3.978743050760076283e-01 3.018609171727937857e-01
4.775570680966647052e-01 3.448984168814503981e-01 1.775445150218849799e-01
3.481798937749772671e-01 2.520884391122100165e-01 3.997316671128128274e-01
2.748387064343046360e-01 4.538669664993358888e-01 2.712943270663594197e-01
1.187113824746934970e-01 6.751579855641522965e-01 2.061306319611542759e-01
2.323790873767281051e-01 7.676208125052297326e-01 1.001180422932637476e-07
7.157028771841487114e-01 2.028011211881530218e-01 8.149600162769828071e-02
1.334529982400095016e-01 2.708701907198833858e-01 5.956768110401071681e-01
1.949218541199135846e-01 7.318160206096183673e-01 7.326212527046803424e-02
1.254270542022067059e-01 4.129097521326602904e-01 4.616631936651329760e-01
1.001039866915846102e-07 5.455025289362788188e-01 4.544973709597345812e-01
1.001150858266599892e-07 7.324859903578455622e-01 2.675139095270686607e-01
2.685121411904387578e-01 8.998940069939953545e-02 6.414984581101617067e-01
1.001120512946895814e-07 6.490682361858302052e-01 3.509316637021185903e-01
3.175335390300114136e-01 4.406120404226875897e-01 2.418544205473010245e-01
1.001184941891011532e-07 8.036723538796654021e-01 1.963275460018404084e-01
6.663388416603475140e-01 7.831691033003471136e-02 2.553442480096176914e-01
7.766759127626132742e-02 1.000783282652387356e-07 9.223323086454103814e-01
7.268311409099091902e-01 1.000949227796974201e-07 2.731687589951680706e-01
2.468446502027670797e-01 5.654191809467763452e-01 1.877361688504565473e-01
1.000935956011339848e-07 2.611746866701499803e-01 7.388252132362543856e-01
3.194481607303076287e-01 6.508796170806679937e-01 2.967222218902433942e-02
3.033744428074626187e-01 6.255795192828729201e-01 7.104603790966446120e-02
4.419863400202507508e-02 5.701691177315844072e-01 3.856322482663904760e-01
1.001214657412268653e-07 8.647187079559812695e-01 1.352811919225530568e-01
1.001204617295452859e-07 8.833349372863896765e-01 1.166649625931486939e-01
1.001033749761554966e-07 5.212842864942782706e-01 4.787156134023468623e-01
4.653116856726685069e-01 5.346882142144555594e-01 1.001128760039300258e-07
3.518391428852619962e-02 9.648159855854993028e-01 1.001259745322430564e-07
3.423873607488133741e-01 4.466798584305565756e-01 2.109327808206301336e-01
4.554046931326501818e-02 9.544594305617669638e-01 1.001249680818961428e-07
3.782054444351012207e-02 7.227717958769038775e-01 2.394076596795860767e-01
6.802682752883032480e-02 1.097158842433136605e-01 8.222572882278559314e-01
1.000666719493833029e-07 1.000666719493833029e-07 9.999997998666561028e-01
8.153915137535050484e-02 9.184607485002439509e-01 1.001244055466665447e-07
6.206092630356423862e-02 9.379389735728846933e-01 1.001235510521306324e-07
3.097844582423817661e-01 5.606280973235031606e-01 1.295874444341151843e-01
1.001206317286334628e-07 8.407398332776561123e-01 1.592600666017121303e-01
4.091259824754367447e-01 5.244035403243582083e-01 6.647047720020504702e-02
1.000940011897569793e-07 3.432642737592798698e-01 6.567356261467188761e-01
2.916050313017718443e-01 7.083948685831414904e-01 1.001150866758129143e-07
2.132245081629535743e-01 5.538443681818293607e-01 2.329311236552171482e-01
1.001014876018093491e-07 4.201569917680240129e-01 5.798429081304884436e-01
7.824766639564296744e-01 2.175232359398188986e-01 1.001037514582249631e-07
3.892889084435684210e-02 8.776284013548196761e-01 8.344270780082350958e-02
1.001239938012602048e-07 9.025778989977475408e-01 9.742200087825875210e-02
1.494639033615458856e-01 2.509637837694194684e-01 5.995723128690346737e-01
2.417871550293483329e-01 5.038292415284419956e-01 2.543836034422096715e-01
4.704922137940812932e-01 4.075323658243776292e-01 1.219754203815411192e-01
4.852426215309064150e-01 4.574425258261504146e-01 5.731485264294319121e-02
3.017269477129043698e-01 6.982729521697360608e-01 1.001173595586755236e-07
3.513496931470943552e-01 5.703344781713245437e-01 7.831582868158115662e-02
6.099143672148354955e-01 3.900855326767695974e-01 1.001083949601036255e-07
5.167015141216461105e-01 4.645963700523825790e-01 1.870211582597129316e-02
8.556091442548204862e-01 1.443907556433546013e-01 1.001018249840187572e-07
8.079380343168629519e-02 5.869282854001648397e-01 3.322779111681489206e-01
1.807402877004070096e-01 7.592019488270185246e-01 6.005776347257443110e-02
6.390770680904724887e-01 9.332899190014121160e-02 2.675939400093862996e-01
2.421400381640996802e-01 1.008732374377545038e-01 6.569867243981457605e-01
1.001214277234155039e-07 8.642677858190778162e-01 1.357321140594944520e-01
1.000913120534718264e-07 3.321321085874983647e-01 6.678677913211894523e-01
9.945253104106434316e-02 8.633416904945465653e-01 3.720577846438912623e-02
1.008963833718466013e-01 8.800856564916188507e-01 1.901796013653455145e-02
9.021914843019196439e-01 9.780841560167964632e-02 1.000964008447457931e-07
3.320073634023620324e-01 3.378756682753461527e-01 3.301169683222918705e-01
3.567168445579295133e-01 6.432830553247945726e-01 1.001172758401291133e-07
1.001002021373208436e-07 3.961834845241644643e-01 6.038164153756333530e-01
2.743422771341376132e-01 5.697932565658125892e-01 1.558644663000497976e-01
2.606710558049489257e-01 5.307747643314507657e-01 2.085541798636003918e-01
6.432495224943756140e-01 2.497593446292068198e-01 1.069911328764175801e-01
1.001153465950321929e-07 9.999997997693068630e-01 1.001153465950321929e-07
1.711988018716756044e-01 4.542794616188691736e-01 3.745217365094552497e-01
2.826492678332201414e-01 6.652362207380707604e-01 5.211451142870901498e-02
1.000911261949568749e-07 2.741936366983636630e-01 7.258062632105101164e-01
4.609800824353258997e-01 1.000883759450306223e-07 5.390198174762981242e-01
1.940671384034520497e-01 6.180102801690915415e-01 1.879225814274564366e-01
1.000906302114271004e-07 2.358556339003071989e-01 7.641442660090626005e-01
2.381551589218591503e-01 5.017889095960780255e-01 2.600559314820627410e-01
6.151515911324365593e-01 3.848483087599509078e-01 1.001076125989349928e-07
6.325119024268567591e-02 6.291661793597427277e-01 3.075826303975716658e-01
4.943608502233532986e-01 4.967130572598803528e-01 8.926092516766332904e-03
1.001216121133389080e-07 9.999997997567758867e-01 1.001216121133389080e-07
1.748583089423576820e-01 8.251415909355130918e-01 1.001221292537606216e-07
1.201358790160340362e-01 7.657097308743401332e-01 1.141543901096258584e-01
1.001138591412178197e-07 7.399617867107648461e-01 2.600381131753761177e-01
1.001247542723223623e-07 9.494308269052081917e-01 5.056907297003758461e-02
2.441589704293469221e-01 6.170606542452515830e-01 1.387803753254015227e-01
1.000909580963735816e-07 2.471485207304219278e-01 7.528513791786198839e-01
8.035108366951509984e-02 9.196488162090898921e-01 1.001213950366770069e-07
2.314056992848978755e-01 6.900746908080436226e-01 7.851960990705836307e-02
1.474994849130455699e-01 8.138744201056653527e-01 3.862609498128903585e-02
1.001242807680609028e-07 9.463669588417535916e-01 5.363294103396562540e-02
1.001017897838911616e-07 5.092897485359294540e-01 4.907101513622807443e-01
4.855728014116121871e-01 4.668280313682132698e-01 4.759916722017448754e-02
7.793731744051078658e-02 9.220625824354019562e-01 1.001240872943393451e-07
2.237804894017346446e-02 5.784764275024936175e-01 3.991455235573329041e-01
1.001214657412268653e-07 8.647187079559812695e-01 1.352811919225530568e-01
3.960565122246662018e-02 6.770190786446788067e-01 2.833752701328546286e-01
3.969978301089376327e-01 4.737384150041001885e-01 1.292637548869621789e-01
1.000785049638986717e-07 6.139361664376715572e-02 9.386062832777278819e-01
1.001215377562752491e-07 8.674020718676231922e-01 1.325978280108390528e-01
2.181138322381624695e-01 7.818860676430936518e-01 1.001187439765221881e-07
3.499946223603834367e-02 4.589756666628823090e-01 5.060248711010794098e-01
3.121558038249067635e-01 6.878440960622175249e-01 1.001128757139550726e-07
2.901268362930993772e-01 1.564170252182401355e-01 5.534561384886603763e-01
2.217840824051285076e-01 7.055368352033211110e-01 7.267908239155033978e-02
1.000706551266528553e-07 1.000706551266528553e-07 9.999997998586896975e-01
6.267574913808263148e-03 4.772443411505140620e-01 5.164880839356776887e-01
1.000883373618440916e-07 1.601677077613334610e-01 8.398321921503291154e-01
3.722025244959864532e-01 3.891249228441731045e-01 2.386725526598403868e-01
1.134248976682934312e-01 8.731415432952452926e-01 1.343355903646130736e-02
1.392724152587818121e-01 8.047894933270791640e-01 5.593809141413894070e-02
3.574233143723925532e-01 1.481009754671469558e-01 4.944757101604604355e-01
4.037918815361409841e-01 4.853716976907098135e-01 1.108364207731491885e-01
5.381635611705789524e-01 4.618363387185184243e-01 1.001109027242518728e-07
6.259906323994941513e-01 3.652086922694744997e-01 8.800675331031291779e-03
1.000885789239104598e-07 2.189770432695938851e-01 7.810228566418271345e-01
1.000937125963973113e-07 2.937320491046891968e-01 7.062678508015981516e-01
3.211648848207974138e-01 1.870487587822816100e-01 4.917863563969210872e-01
3.114576536930542885e-02 9.688541345070558197e-01 1.001236387848106622e-07
6.532660764653653862e-01 3.467338234264280006e-01 1.001082066138256177e-07
4.893325412797719376e-02 2.226571250658864742e-01 7.284096208061363598e-01
9.999997998485563588e-01 1.000757218581099637e-07 1.000757218581099637e-07
1.001150534846169708e-07 7.336833508405541382e-01 2.663165490443924477e-01
2.257485063020843175e-01 5.436093882726941162e-01 2.306421054252215386e-01
4.643364202563313170e-01 4.415542837242364405e-01 9.410929601943229805e-02
2.168365637298697579e-01 7.831633361496677104e-01 1.001204625626006543e-07
6.762613094550334880e-01 2.391687645815749885e-01 8.456992596339156509e-02
1.000899803441272636e-07 2.396046538312069929e-01 7.603952460788127032e-01
3.575099091528097794e-01 6.424899907299205237e-01 1.001172698002388293e-07
1.001166165252007994e-07 9.999997997667670058e-01 1.001166165252007994e-07
4.167854795245528043e-01 1.211741041731583673e-02 5.710971100581313520e-01
3.322077766623314776e-01 1.000844825146922113e-07 6.677921232531860429e-01
6.263000115035817217e-01 3.736998883885492284e-01 1.001078691889432456e-07
7.551467689337109102e-01 2.267052610110102326e-02 2.221827049651880770e-01
3.424952927369468436e-01 3.255536649837507679e-01 3.319510422793023885e-01
2.136477344517827559e-01 5.717232360675943426e-01 2.146290294806229570e-01
2.794599090186292711e-01 7.205399908653218333e-01 1.001160489202723624e-07
2.496533897130777391e-01 5.506016813285063982e-01 1.997449289584158072e-01
3.149035847625493711e-01 5.453319265430334184e-01 1.397644886944170994e-01
2.798412171073978993e-01 6.120929434266751956e-01 1.080658394659268912e-01
1.111620359867919634e-02 9.888836962774081307e-01 1.001239126857793300e-07
1.001199155309049603e-07 8.234787086490974461e-01 1.765211912309870568e-01
5.514894617105453589e-02 8.858054744141667936e-01 5.904557941477860117e-02
1.032311939373752041e-01 6.744674225700688641e-01 2.223013834925559318e-01
1.000980925639447593e-07 3.718105134565836689e-01 6.281893864453237386e-01
8.739287646345447191e-01 2.532812029421658423e-02 1.007431150712386897e-01
1.108003217728777551e-01 5.251464438292829939e-01 3.640532343978391538e-01
1.000553012227059374e-07 1.000553012227059374e-07 9.999997998893975781e-01
3.873546521571252788e-01 2.533512279859976846e-01 3.592941198568770922e-01
3.953827878686494990e-01 6.046171120167943558e-01 1.001145562405687763e-07
1.000570819121847197e-07 1.000570819121847197e-07 9.999997998858362047e-01
1.653884138549445090e-02 1.087503578979292368e-01 8.747108007165762533e-01
6.222147174742084091e-02 9.377784281280766576e-01 1.001245026326567549e-07
1.001209684102268212e-07 8.349467050237828758e-01 1.650531948552488026e-01
7.733294410857586287e-01 1.463548016546570851e-01 8.031575725958432777e-02
1.188160685536675809e-01 8.811838313264105382e-01 1.001199218801129758e-07
2.352184345407509203e-01 5.372780818793377877e-01 2.275034835799112365e-01
4.411325772460868988e-01 5.588673226408845673e-01 1.001130285670063565e-07
6.185335963857013786e-01 2.878344694524156977e-01 9.363193416188295148e-02
2.491864126417431269e-02 8.341943970023357746e-02 8.916619190355921099e-01
8.758607954460360945e-02 8.980264635043947452e-01 1.438745695100170953e-02
3.575581345884737416e-02 8.945075882345541185e-01 6.973659830659847958e-02
2.582624903642853353e-01 3.666152094128210526e-01 3.751223002228936121e-01
7.480423129111156422e-02 9.251956685885598386e-01 1.001203286060898837e-07
5.334506121517443855e-01 4.075883663433479964e-01 5.896102150490756255e-02
1.375474781662154415e-02 6.586411870335135976e-01 3.276040651498648426e-01
6.217454272697445911e-02 2.988948862703647014e-01 6.389305710026608187e-01
1.368927672872894130e-01 6.536229906166303172e-01 2.094842420960802143e-01
1.001156639074577661e-07 7.528936746693120075e-01 2.471062252150241778e-01
1.001170701038952596e-07 7.182876057407990844e-01 2.817122941421308369e-01
6.108104126423250652e-02 3.016895214736575737e-01 6.372294372621098990e-01
1.001037721360819982e-07 5.742799106781868446e-01 4.257199892180411060e-01
6.293231707542197573e-02 9.370675827997869689e-01 1.001247910656156863e-07
4.288189780761218484e-01 4.189909207599673002e-01 1.521901011639107959e-01
1.186531057217727475e-01 7.517981692530114612e-01 1.295487250252157219e-01
3.051936425530163421e-01 5.748203113322748470e-01 1.199860461147089080e-01
2.843070517879405235e-01 5.502477206481175553e-01 1.654452275639418934e-01
8.556606505715586009e-01 1.352536191721774028e-01 9.085730256263958166e-03
1.270109785256491597e-02 4.825075660954373236e-01 5.047913360519977743e-01
2.935137438801290188e-01 7.064861560016052477e-01 1.001182659046174419e-07
1.001212450376725470e-07 9.999997997575100772e-01 1.001212450376725470e-07
1.142187750551707515e-01 7.230192528098468019e-01 1.627619721349824744e-01
2.133625387495039771e-01 7.653992922614123451e-01 2.123816898908363962e-02
1.000939568799528781e-07 3.351916521995869647e-01 6.648082477064561902e-01
4.064511443514113864e-01 5.935487555330418719e-01 1.001155467903426224e-07
1.782591185637081022e-01 1.000705232618279028e-07 8.217407813657685578e-01
5.301375010507163726e-02 2.909184215919717875e-01 6.560678283029565128e-01
7.530087543330303834e-01 1.445775935805234946e-01 1.024136520864460109e-01
5.204533165198019784e-01 4.118367203452459879e-01 6.770996313495203367e-02
1.423364001405686419e-01 8.576634997427120544e-01 1.001167192982500901e-07
2.213168022100249488e-01 5.761919515323731256e-01 2.024912462576018424e-01
2.811131068886504880e-01 6.605491987259631825e-01 5.833769438538642660e-02
1.001214277234155039e-07 8.642677858190778162e-01 1.357321140594944520e-01
1.000901709135347475e-07 2.930028018519342803e-01 7.069970980578947906e-01
9.863509693530847500e-02 8.190982934257537984e-01 8.226660963893774048e-02
6.559653261453816109e-01 3.440345737499547751e-01 1.001046636867847862e-07
9.419574452238174134e-01 5.804245467934485148e-02 1.000968378756417669e-07
3.790804798637614770e-01 4.014271399229557002e-01 2.194923802132828505e-01
1.000925485807679515e-07 2.712039591844026543e-01 7.287959407230487630e-01
1.447509210728443185e-01 6.647081602069321304e-01 1.905409187202236343e-01
1.001162183693990138e-07 9.999997997675633687e-01 1.001162183693990138e-07
9.623633087338172298e-02 6.485805596313130028e-01 2.551831094953053158e-01
1.057735144842297526e-01 7.191580096425211899e-01 1.750684758732490853e-01
6.891614745862028046e-01 2.690177170408382112e-01 4.182080837295903269e-02
1.000888033229956365e-07 2.071324122922666155e-01 7.928674876189300003e-01
1.001111781392264741e-07 7.085293526425608945e-01 2.914705472462610913e-01
1.001132454696880476e-07 6.723801026013065396e-01 3.276197972854481000e-01
5.187492363362452563e-01 2.075228472437494198e-01 2.737279164200052683e-01
1.001118168897641689e-07 6.304390101591410556e-01 3.695608897290421635e-01
1.238678037294563966e-01 3.422289904824913909e-01 5.339032057880522819e-01
9.760797310316125797e-02 8.174581207339738365e-01 8.493390616286485006e-02
8.645455070352632276e-01 1.354543928642470696e-01 1.001004897942824121e-07
3.730389927975737430e-01 5.102942722819721055e-01 1.166667349204540682e-01
5.950231150493916488e-01 2.505299708992970165e-01 1.544469140513113348e-01
1.001243476793767963e-07 9.999997997513047077e-01 1.001243476793767963e-07
